50
11107 -6675
7848 -5905
-2271 15050
-4370 -924
-7699 17273
-2248 -822
-17017 -6821
-16742 -8367
-540 1998
5864 18464
-7315 13156
13706 -3795
17842 -1535
4324 -548
-9647 13676
-16799 11603
362 -15851
12900 14993
14522 10989
3855 11578
12339 13318
-17414 -16092
-17200 1937
18384 -7814
1327 -4995
2759 -10108
9521 -16820
12509 -12356
15140 -14577
-14157 -13216
-13963 7603
-18603 19926
11994 -4216
13528 -18965
-11896 -14617
-15983 13027
2952 7377
14358 -614
-4137 1274
-11393 5964
8120 -15333
-13217 19017
-11928 -17170
-19812 -1367
-8548 -11913
-14075 12437
19343 5000
-14967 -7066
18832 -10039
-19932 -5370
13
