100
19021 -8894
9714 1707
3487 -10939
-7310 -16061
8584 14684
3589 14469
2827 15741
-19805 5595
-10308 -17299
-12145 8633
-16468 11720
-14004 8961
10812 -13251
16999 -6744
18665 8070
-19702 10474
16846 5901
14488 17577
12703 15605
832 10247
1533 -15974
16675 15450
18824 -4583
13518 -15560
13246 -17873
7700 -17365
-8379 8058
-8220 -10984
-3728 -14400
-4417 9255
18947 -13357
2002 -5349
-709 2526
-16236 260
15731 -9398
-941 12778
2854 3049
3861 14101
-15175 -11557
12932 16880
-2662 4606
15529 19376
-3982 4690
16148 -10183
17539 -204
-14129 -13148
-10486 -1327
-1701 4040
-1633 19689
15874 -8958
6820 12651
3170 -1544
-6217 18060
-7397 -11190
-17505 5386
9064 -8166
16230 71
-70 -8504
-8204 15056
15151 19104
2200 -306
-19695 -9200
-13450 -15715
-2272 -4959
10370 -1204
644 4077
-5440 6747
-8231 -3331
757 -7028
-13847 -18621
19259 15431
-17525 -431
-18245 -19859
-272 -5663
-7176 -1713
6893 683
3085 -11738
10178 11614
-12532 7062
-6256 4708
18149 -12447
-1140 11159
160 -15046
19088 -2189
6198 -18149
1207 -2154
7817 6612
7115 -5244
-8673 -12773
19577 -6168
-9282 18943
19516 -14545
5010 6060
14451 13797
-11861 3242
15658 5319
-7648 15394
-8162 -17375
-18828 19909
6638 19790
21
